668
1132
800
945
1130
945
1202
396
1373
84
888
949
888
1115
1392
656
347
949
888
800
1405
1191
796
1373
349
1180
1172
1333
1115
284
1154
1172
1172
1448
888
337
1172
1367
1191
847
1367
1405
1373
349
337
949
284
1154
1120
347
656
1435
977
391
1367
391
904
266
1263
668
1132
1072
1405
451
731
284
1173
84
949
1202
1153
1120
1154
266
1448
113
1373
58
847
53
1202
1519
1333
1405
1202
1333
1153
1173
16
1173
1115
560
451
977
1072
800
574
16
945
1435
574
309
1373
1373
1405
65
309
1202
1132
977
53
560
1202
1373
1519
1392
574
1224
1489
1392
16
1519
796
587
349
1405
53
1120
349
84
847
681
1489
656
731
888
656
1180
1072
847
574
560
284
1392
1072
1172
1405
349
1367
731
391
284
1380
396
796
321
904
603
587
349
113
1172
720
1115
587
1263
720
1405
53
1130
284
1435
147
1519
888
574
945
1367
681
1380
731
731
1392
796
65
574
396
1202
1405
1224
164
1380
84
603
847
349
1180
65
1190
647
1224
347
1373
1263
1489
1153
1392
1373
1190
1405
164
731
246
1132
1190
1191
800
1367
1333
574
1153
58
1130
796
147
1172
1448
1489
1190
904
1405
349
58
451
347
284
