3343
6536
11918
13115
11710
13115
15570
3725
6377
8110
16948
9437
16948
3754
18835
722
10250
9437
16948
11918
1000
10647
4791
6377
3017
7958
18058
3377
3754
6688
9102
18058
18058
2980
16948
17705
18058
8679
10647
4205
8679
1000
6377
3017
17705
9437
6688
9102
11021
10250
722
3131
18465
18790
8679
18790
11478
12563
15810
3343
6536
4805
1000
5993
15442
6688
10525
8110
9437
15570
17689
11021
9102
12563
2980
18448
6377
16357
4205
12880
15570
13433
3377
1000
15570
3377
17689
10525
5495
10525
3754
1109
5993
18465
4805
11918
4567
5495
13115
3131
4567
7776
6377
6377
1000
12814
7776
15570
6536
18465
12880
1109
15570
6377
13433
18835
4567
8447
12891
18835
5495
13433
4791
8017
3017
1000
12880
11021
3017
8110
4205
14105
12891
722
15442
16948
722
7958
4805
4205
4567
1109
6688
18835
4805
18058
1000
3017
8679
15442
18790
6688
7241
3725
4791
18665
11478
12077
8017
3017
18448
18058
15599
3754
8017
15810
15599
1000
12880
11710
6688
3131
15155
13433
16948
4567
13115
8679
14105
7241
15442
15442
18835
4791
12814
4567
3725
15570
1000
8447
7630
7241
8110
12077
4205
3017
7958
12814
10767
5776
8447
10250
6377
15810
12891
17689
18835
6377
10767
1000
7630
15442
3655
6536
10767
10647
11918
8679
3377
4567
17689
16357
11710
4791
15155
18058
2980
12891
10767
11478
1000
3017
16357
5993
10250
6688
