3284
3235
1525
4602
2409
4602
2450
2968
3802
2535
707
226
707
2209
171
4237
2252
226
707
1525
1000
4467
1034
3802
4078
1899
4423
408
2209
4355
2255
4423
4423
4829
707
1616
4423
2316
4467
2145
2316
1000
3802
4078
1616
226
4355
2255
1689
2252
4237
3283
1377
3399
2316
3399
4783
2989
267
3284
3235
3139
1000
2751
172
4355
709
2535
226
2450
2782
1689
2255
2989
4829
1208
3802
1934
2145
3275
2450
1011
408
1000
2450
408
2782
709
4344
709
2209
2322
2751
1377
3139
1525
4052
4344
4602
3283
4052
960
3802
3802
1000
2967
960
2450
3235
1377
3275
2322
2450
3802
1011
171
4052
24
3711
171
4344
1011
1034
3897
4078
1000
3275
1689
4078
2535
2145
3864
3711
4237
172
707
4237
1899
3139
2145
4052
2322
4355
171
3139
4423
1000
4078
2316
172
3399
4355
2060
2968
1034
2303
4783
3775
3897
4078
1208
4423
3388
2209
3897
267
3388
1000
3275
2409
4355
3283
2823
1011
707
4052
4602
2316
3864
2060
172
172
171
1034
2967
4052
2968
2450
1000
24
3631
2060
2535
3775
2145
4078
1899
2967
2980
4262
24
2252
3802
267
3711
2782
171
3802
2980
1000
3631
172
717
3235
2980
4467
1525
2316
408
4052
2782
1934
2409
1034
2823
4423
4829
3711
2980
4783
1000
4078
1934
2751
2252
4355
