739
365
2
568
449
568
708
576
260
201
536
110
536
385
665
123
583
110
536
2
247
183
603
260
577
264
316
162
385
87
435
316
316
7
536
381
316
550
183
215
550
247
260
577
381
110
87
435
430
583
123
713
735
505
550
505
393
197
696
739
365
172
247
167
680
87
149
201
110
708
695
430
435
197
7
124
260
654
215
431
708
622
162
247
708
162
695
149
730
149
385
16
167
735
172
2
181
730
568
713
181
698
260
260
247
96
698
708
365
735
431
16
708
260
622
665
181
93
635
665
730
622
603
37
577
247
431
430
577
201
215
524
635
123
680
536
123
264
172
215
181
16
87
665
172
316
247
577
550
680
505
87
195
576
603
236
393
469
37
577
124
316
715
385
37
696
715
247
431
449
87
713
513
622
536
181
568
550
524
195
680
680
665
603
96
181
576
708
247
93
161
195
201
469
215
577
264
96
533
231
93
583
260
696
635
695
665
260
533
247
161
680
523
365
533
183
2
550
162
181
695
654
449
603
513
316
7
635
533
393
247
577
654
167
583
87
